Graph [[2, 3, 5, 7, 16, 17, 19, 20, 21], [12, 13, 14], [0, 4, 6, 7, 12, 13, 14, 17, 19, 21], [0, 11], [2, 8], [0, 6], [2, 5], [0, 2, 16, 20], [4, 9], [8, 10, 15], [9, 15, 18], [3, 18], [1, 2], [1, 2], [1, 2], [9, 10], [0, 7], [0, 2], [10, 11], [0, 2], [0, 7], [0, 2]]
Elis [[0, 2, poly1d([1, 0]), poly1d([1])], [0, 3, poly1d([1, 0]), poly1d([1])], [0, 5, poly1d([1, 0]), poly1d([1])], [0, 7, poly1d([1, 0]), poly1d([1])], [0, 16, poly1d([1, 0]), poly1d([1])], [0, 17, poly1d([1, 0]), poly1d([1])], [0, 19, poly1d([1, 0]), poly1d([1])], [0, 20, poly1d([1, 0]), poly1d([1])], [0, 21, poly1d([1, 0]), poly1d([1])], [1, 12, poly1d([1, 0]), poly1d([1])], [1, 13, poly1d([1, 0]), poly1d([1])], [1, 14, poly1d([1, 0]), poly1d([1])], [2, 4, poly1d([1, 0]), poly1d([1])], [2, 6, poly1d([1, 0]), poly1d([1])], [2, 7, poly1d([1, 0]), poly1d([1])], [2, 12, poly1d([1, 0]), poly1d([1])], [2, 13, poly1d([1, 0]), poly1d([1])], [2, 14, poly1d([1, 0]), poly1d([1])], [2, 17, poly1d([1, 0]), poly1d([1])], [2, 19, poly1d([1, 0]), poly1d([1])], [2, 21, poly1d([1, 0]), poly1d([1])], [3, 11, poly1d([1, 0]), poly1d([1])], [4, 8, poly1d([1, 0]), poly1d([1])], [5, 6, poly1d([1, 0]), poly1d([1])], [7, 16, poly1d([1, 0]), poly1d([1])], [7, 20, poly1d([1, 0]), poly1d([1])], [8, 9, poly1d([1, 0]), poly1d([1])], [9, 10, poly1d([1, 0]), poly1d([1])], [9, 15, poly1d([1, 0]), poly1d([1])], [10, 15, poly1d([1, 0]), poly1d([1])], [10, 18, poly1d([1, 0]), poly1d([1])], [11, 18, poly1d([1, 0]), poly1d([1])]]
s,t 1 13
----------------------------
Graph [[2, 2, 2, 2, 2, 7, 7, 7, 10], [2, 2, 13], [0, 0, 0, 0, 0, 1, 1, 7, 9, 13], [], [], [], [], [0, 0, 0, 2], [], [2, 10, 10], [0, 9, 9], [], [], [1, 2], [], [], [], [], [], [], [], []]
Elis [[0, 2, poly1d([1, 0, 0]), poly1d([1])], [0, 2, poly1d([1, 0, 0]), poly1d([1])], [0, 2, poly1d([1, 0, 0, 0]), poly1d([1])], [0, 2, poly1d([1, 0]), poly1d([1])], [0, 2, poly1d([1, 0, 0]), poly1d([1])], [0, 7, poly1d([1, 0]), poly1d([1])], [0, 7, poly1d([1, 0, 0]), poly1d([1])], [0, 7, poly1d([1, 0, 0]), poly1d([1])], [0, 10, poly1d([1, 0, 0, 0, 0]), poly1d([1])], [1, 2, poly1d([1, 0, 0]), poly1d([1])], [1, 2, poly1d([1, 0, 0]), poly1d([1])], [1, 13, poly1d([1, 0]), poly1d([1])], [2, 7, poly1d([1, 0]), poly1d([1])], [2, 9, poly1d([1, 0, 0, 0]), poly1d([1])], [2, 13, poly1d([1, 0]), poly1d([1])], [9, 10, poly1d([1, 0]), poly1d([1])], [9, 10, poly1d([1, 0, 0]), poly1d([1])]]
s,t 1 13
----------------------------
Graph [[2, 2, 2, 2, 7, 7, 7, 10], [2, 2, 13], [0, 0, 0, 0, 1, 1, 7, 9, 13], [], [], [], [], [0, 0, 0, 2], [], [2, 10, 10], [0, 9, 9], [], [], [1, 2], [], [], [], [], [], [], [], []]
Elis [[0, 2, poly1d([1, 0, 0, 0]), poly1d([1])], [0, 2, poly1d([1, 0]), poly1d([1])], [0, 2, poly1d([-1,  0,  2,  0,  0]), poly1d([1])], [0, 2, poly1d([1, 0, 0]), poly1d([1])], [0, 7, poly1d([1, 0]), poly1d([1])], [0, 7, poly1d([1, 0, 0]), poly1d([1])], [0, 7, poly1d([1, 0, 0]), poly1d([1])], [0, 10, poly1d([1, 0, 0, 0, 0]), poly1d([1])], [1, 2, poly1d([1, 0, 0]), poly1d([1])], [1, 2, poly1d([1, 0, 0]), poly1d([1])], [1, 13, poly1d([1, 0]), poly1d([1])], [2, 7, poly1d([1, 0]), poly1d([1])], [2, 9, poly1d([1, 0, 0, 0]), poly1d([1])], [2, 13, poly1d([1, 0]), poly1d([1])], [9, 10, poly1d([1, 0]), poly1d([1])], [9, 10, poly1d([1, 0, 0]), poly1d([1])]]
s,t 1 13
----------------------------
Graph [[2, 2, 2, 7, 7, 7, 10], [2, 2, 13], [0, 0, 0, 1, 1, 7, 9, 13], [], [], [], [], [0, 0, 0, 2], [], [2, 10, 10], [0, 9, 9], [], [], [1, 2], [], [], [], [], [], [], [], []]
Elis [[0, 2, poly1d([-1,  1,  0,  1,  0]), poly1d([1])], [0, 2, poly1d([-1,  0,  2,  0,  0]), poly1d([1])], [0, 2, poly1d([1, 0, 0]), poly1d([1])], [0, 7, poly1d([1, 0]), poly1d([1])], [0, 7, poly1d([1, 0, 0]), poly1d([1])], [0, 7, poly1d([1, 0, 0]), poly1d([1])], [0, 10, poly1d([1, 0, 0, 0, 0]), poly1d([1])], [1, 2, poly1d([1, 0, 0]), poly1d([1])], [1, 2, poly1d([1, 0, 0]), poly1d([1])], [1, 13, poly1d([1, 0]), poly1d([1])], [2, 7, poly1d([1, 0]), poly1d([1])], [2, 9, poly1d([1, 0, 0, 0]), poly1d([1])], [2, 13, poly1d([1, 0]), poly1d([1])], [9, 10, poly1d([1, 0]), poly1d([1])], [9, 10, poly1d([1, 0, 0]), poly1d([1])]]
s,t 1 13
----------------------------
Graph [[2, 2, 7, 7, 7, 10], [2, 2, 13], [0, 0, 1, 1, 7, 9, 13], [], [], [], [], [0, 0, 0, 2], [], [2, 10, 10], [0, 9, 9], [], [], [1, 2], [], [], [], [], [], [], [], []]
Elis [[0, 2, poly1d([-1,  1,  2, -1, -2, -1,  2,  1,  0]), poly1d([1])], [0, 2, poly1d([1, 0, 0]), poly1d([1])], [0, 7, poly1d([1, 0]), poly1d([1])], [0, 7, poly1d([1, 0, 0]), poly1d([1])], [0, 7, poly1d([1, 0, 0]), poly1d([1])], [0, 10, poly1d([1, 0, 0, 0, 0]), poly1d([1])], [1, 2, poly1d([1, 0, 0]), poly1d([1])], [1, 2, poly1d([1, 0, 0]), poly1d([1])], [1, 13, poly1d([1, 0]), poly1d([1])], [2, 7, poly1d([1, 0]), poly1d([1])], [2, 9, poly1d([1, 0, 0, 0]), poly1d([1])], [2, 13, poly1d([1, 0]), poly1d([1])], [9, 10, poly1d([1, 0]), poly1d([1])], [9, 10, poly1d([1, 0, 0]), poly1d([1])]]
s,t 1 13
----------------------------
Graph [[2, 7, 7, 7, 10], [2, 2, 13], [0, 1, 1, 7, 9, 13], [], [], [], [], [0, 0, 0, 2], [], [2, 10, 10], [0, 9, 9], [], [], [1, 2], [], [], [], [], [], [], [], []]
Elis [[0, 2, poly1d([ 1, -1, -3,  2,  4,  0, -4, -2,  3,  1,  0]), poly1d([1])], [0, 7, poly1d([1, 0]), poly1d([1])], [0, 7, poly1d([1, 0, 0]), poly1d([1])], [0, 7, poly1d([1, 0, 0]), poly1d([1])], [0, 10, poly1d([1, 0, 0, 0, 0]), poly1d([1])], [1, 2, poly1d([1, 0, 0]), poly1d([1])], [1, 2, poly1d([1, 0, 0]), poly1d([1])], [1, 13, poly1d([1, 0]), poly1d([1])], [2, 7, poly1d([1, 0]), poly1d([1])], [2, 9, poly1d([1, 0, 0, 0]), poly1d([1])], [2, 13, poly1d([1, 0]), poly1d([1])], [9, 10, poly1d([1, 0]), poly1d([1])], [9, 10, poly1d([1, 0, 0]), poly1d([1])]]
s,t 1 13
----------------------------
Graph [[2, 7, 7, 10], [2, 2, 13], [0, 1, 1, 7, 9, 13], [], [], [], [], [0, 0, 2], [], [2, 10, 10], [0, 9, 9], [], [], [1, 2], [], [], [], [], [], [], [], []]
Elis [[0, 2, poly1d([ 1, -1, -3,  2,  4,  0, -4, -2,  3,  1,  0]), poly1d([1])], [0, 7, poly1d([-1,  1,  1,  0]), poly1d([1])], [0, 7, poly1d([1, 0, 0]), poly1d([1])], [0, 10, poly1d([1, 0, 0, 0, 0]), poly1d([1])], [1, 2, poly1d([1, 0, 0]), poly1d([1])], [1, 2, poly1d([1, 0, 0]), poly1d([1])], [1, 13, poly1d([1, 0]), poly1d([1])], [2, 7, poly1d([1, 0]), poly1d([1])], [2, 9, poly1d([1, 0, 0, 0]), poly1d([1])], [2, 13, poly1d([1, 0]), poly1d([1])], [9, 10, poly1d([1, 0]), poly1d([1])], [9, 10, poly1d([1, 0, 0]), poly1d([1])]]
s,t 1 13
----------------------------
Graph [[2, 7, 10], [2, 2, 13], [0, 1, 1, 7, 9, 13], [], [], [], [], [0, 2], [], [2, 10, 10], [0, 9, 9], [], [], [1, 2], [], [], [], [], [], [], [], []]
Elis [[0, 2, poly1d([ 1, -1, -3,  2,  4,  0, -4, -2,  3,  1,  0]), poly1d([1])], [0, 7, poly1d([ 1, -1, -2,  2,  1,  0]), poly1d([1])], [0, 10, poly1d([1, 0, 0, 0, 0]), poly1d([1])], [1, 2, poly1d([1, 0, 0]), poly1d([1])], [1, 2, poly1d([1, 0, 0]), poly1d([1])], [1, 13, poly1d([1, 0]), poly1d([1])], [2, 7, poly1d([1, 0]), poly1d([1])], [2, 9, poly1d([1, 0, 0, 0]), poly1d([1])], [2, 13, poly1d([1, 0]), poly1d([1])], [9, 10, poly1d([1, 0]), poly1d([1])], [9, 10, poly1d([1, 0, 0]), poly1d([1])]]
s,t 1 13
----------------------------
Graph [[2, 7, 10], [2, 13], [0, 1, 7, 9, 13], [], [], [], [], [0, 2], [], [2, 10, 10], [0, 9, 9], [], [], [1, 2], [], [], [], [], [], [], [], []]
Elis [[0, 2, poly1d([ 1, -1, -3,  2,  4,  0, -4, -2,  3,  1,  0]), poly1d([1])], [0, 7, poly1d([ 1, -1, -2,  2,  1,  0]), poly1d([1])], [0, 10, poly1d([1, 0, 0, 0, 0]), poly1d([1])], [1, 2, poly1d([-1,  0,  2,  0,  0]), poly1d([1])], [1, 13, poly1d([1, 0]), poly1d([1])], [2, 7, poly1d([1, 0]), poly1d([1])], [2, 9, poly1d([1, 0, 0, 0]), poly1d([1])], [2, 13, poly1d([1, 0]), poly1d([1])], [9, 10, poly1d([1, 0]), poly1d([1])], [9, 10, poly1d([1, 0, 0]), poly1d([1])]]
s,t 1 13
----------------------------
Graph [[2, 7, 10], [2, 13], [0, 1, 7, 9, 13], [], [], [], [], [0, 2], [], [2, 10], [0, 9], [], [], [1, 2], [], [], [], [], [], [], [], []]
Elis [[0, 2, poly1d([ 1, -1, -3,  2,  4,  0, -4, -2,  3,  1,  0]), poly1d([1])], [0, 7, poly1d([ 1, -1, -2,  2,  1,  0]), poly1d([1])], [0, 10, poly1d([1, 0, 0, 0, 0]), poly1d([1])], [1, 2, poly1d([-1,  0,  2,  0,  0]), poly1d([1])], [1, 13, poly1d([1, 0]), poly1d([1])], [2, 7, poly1d([1, 0]), poly1d([1])], [2, 9, poly1d([1, 0, 0, 0]), poly1d([1])], [2, 13, poly1d([1, 0]), poly1d([1])], [9, 10, poly1d([-1,  1,  1,  0]), poly1d([1])]]
s,t 1 13
----------------------------
Graph [[2, 2, 2], [2, 13], [0, 0, 0, 1, 13], [], [], [], [], [], [], [], [], [], [], [1, 2], [], [], [], [], [], [], [], []]
Elis [[0, 2, poly1d([-1,  1,  1,  0,  0,  0,  0,  0,  0,  0,  0]), poly1d([1])], [0, 2, poly1d([ 1, -1, -3,  2,  4,  0, -4, -2,  3,  1,  0]), poly1d([1])], [0, 2, poly1d([ 1, -1, -2,  2,  1,  0,  0]), poly1d([1])], [1, 2, poly1d([-1,  0,  2,  0,  0]), poly1d([1])], [1, 13, poly1d([1, 0]), poly1d([1])], [2, 13, poly1d([1, 0]), poly1d([1])]]
s,t 1 13
----------------------------
Graph [[2, 2], [2, 13], [0, 0, 1, 13], [], [], [], [], [], [], [], [], [], [], [1, 2], [], [], [], [], [], [], [], []]
Elis [[0, 2, poly1d([ 1, -2, -3,  6,  5, -6, -8,  2,  9,  0, -4, -1, -2,  2,  4,  0, -4,
       -2,  3,  1,  0]), poly1d([1])], [0, 2, poly1d([ 1, -1, -2,  2,  1,  0,  0]), poly1d([1])], [1, 2, poly1d([-1,  0,  2,  0,  0]), poly1d([1])], [1, 13, poly1d([1, 0]), poly1d([1])], [2, 13, poly1d([1, 0]), poly1d([1])]]
s,t 1 13
----------------------------
Graph [[2], [2, 13], [0, 1, 13], [], [], [], [], [], [], [], [], [], [], [1, 2], [], [], [], [], [], [], [], []]
Elis [[0, 2, poly1d([ -1,   3,   3, -15,  -2,  31,   4, -40, -19,  41,  31, -29, -24,
         4,   9,  13,   6, -13, -19,   8,  20,  -3, -11,  -1,   4,   1,   0]), poly1d([1])], [1, 2, poly1d([-1,  0,  2,  0,  0]), poly1d([1])], [1, 13, poly1d([1, 0]), poly1d([1])], [2, 13, poly1d([1, 0]), poly1d([1])]]
s,t 1 13
----------------------------
Graph [[], [2, 13], [1, 13], [], [], [], [], [], [], [], [], [], [], [1, 2], [], [], [], [], [], [], [], []]
Elis [[1, 2, poly1d([-1,  0,  2,  0,  0]), poly1d([1])], [1, 13, poly1d([1, 0]), poly1d([1])], [2, 13, poly1d([1, 0]), poly1d([1])]]
s,t 1 13
----------------------------
Graph [[], [13, 13], [], [], [], [], [], [], [], [], [], [], [], [1, 1], [], [], [], [], [], [], [], []]
Elis [[1, 13, poly1d([-1,  0,  2,  0,  0,  0]), poly1d([1])], [1, 13, poly1d([1, 0]), poly1d([1])]]
s,t 1 13
----------------------------
Graph [[], [13], [], [], [], [], [], [], [], [], [], [], [], [1], [], [], [], [], [], [], [], []]
Elis [[1, 13, poly1d([ 1, -1, -2,  2,  0,  1,  0]), poly1d([1])]]
s,t 1 13
----------------------------
単純縮退のみを行った結果
       p^2 + 4p^3 - 8p^4 + 5p^5 - 1p^6
      ________________________________
       1
 *p**2 + 4*p**3 - 8*p**4 + 5*p**5 - 1*p**6
 1
