Graph [[], [2, 7], [1, 4, 7, 8, 12, 16, 17, 20, 24], [], [2, 6, 13, 14, 17, 22, 23, 24], [6, 13], [4, 5], [1, 2, 18], [2, 10], [], [8, 15], [], [2, 20, 21], [4, 5, 23], [4, 21], [10, 22], [2, 19], [2, 4], [7, 19], [16, 18], [2, 12], [12, 14], [4, 15], [4, 13], [2, 4]]
Elis [[1, 2, poly1d([1, 0]), poly1d([1])], [1, 7, poly1d([1, 0]), poly1d([1])], [2, 4, poly1d([1, 0]), poly1d([1])], [2, 7, poly1d([1, 0]), poly1d([1])], [2, 8, poly1d([1, 0]), poly1d([1])], [2, 12, poly1d([1, 0]), poly1d([1])], [2, 16, poly1d([1, 0]), poly1d([1])], [2, 17, poly1d([1, 0]), poly1d([1])], [2, 20, poly1d([1, 0]), poly1d([1])], [2, 24, poly1d([1, 0]), poly1d([1])], [4, 6, poly1d([1, 0]), poly1d([1])], [4, 13, poly1d([1, 0]), poly1d([1])], [4, 14, poly1d([1, 0]), poly1d([1])], [4, 17, poly1d([1, 0]), poly1d([1])], [4, 22, poly1d([1, 0]), poly1d([1])], [4, 23, poly1d([1, 0]), poly1d([1])], [4, 24, poly1d([1, 0]), poly1d([1])], [5, 6, poly1d([1, 0]), poly1d([1])], [5, 13, poly1d([1, 0]), poly1d([1])], [7, 18, poly1d([1, 0]), poly1d([1])], [8, 10, poly1d([1, 0]), poly1d([1])], [10, 15, poly1d([1, 0]), poly1d([1])], [12, 20, poly1d([1, 0]), poly1d([1])], [12, 21, poly1d([1, 0]), poly1d([1])], [13, 23, poly1d([1, 0]), poly1d([1])], [14, 21, poly1d([1, 0]), poly1d([1])], [15, 22, poly1d([1, 0]), poly1d([1])], [16, 19, poly1d([1, 0]), poly1d([1])], [18, 19, poly1d([1, 0]), poly1d([1])]]
s,t 19 22
----------------------------
Graph [[], [], [4, 4, 4, 7, 7, 12, 12, 19, 22], [], [2, 2, 2, 12, 13, 13, 13, 22], [], [], [2, 2, 19], [], [], [], [], [2, 2, 4], [4, 4, 4], [], [], [], [], [], [2, 7], [], [], [2, 4], [], []]
Elis [[2, 4, poly1d([1, 0]), poly1d([1])], [2, 4, poly1d([1, 0, 0]), poly1d([1])], [2, 4, poly1d([1, 0, 0]), poly1d([1])], [2, 7, poly1d([1, 0, 0]), poly1d([1])], [2, 7, poly1d([1, 0]), poly1d([1])], [2, 12, poly1d([1, 0]), poly1d([1])], [2, 12, poly1d([1, 0, 0]), poly1d([1])], [2, 19, poly1d([1, 0, 0]), poly1d([1])], [2, 22, poly1d([1, 0, 0, 0, 0]), poly1d([1])], [4, 12, poly1d([1, 0, 0, 0]), poly1d([1])], [4, 13, poly1d([1, 0, 0]), poly1d([1])], [4, 13, poly1d([1, 0, 0, 0]), poly1d([1])], [4, 13, poly1d([1, 0]), poly1d([1])], [4, 22, poly1d([1, 0]), poly1d([1])], [7, 19, poly1d([1, 0, 0]), poly1d([1])]]
s,t 19 22
----------------------------
Graph [[], [], [4, 4, 7, 7, 12, 12, 19, 22], [], [2, 2, 12, 13, 13, 13, 22], [], [], [2, 2, 19], [], [], [], [], [2, 2, 4], [4, 4, 4], [], [], [], [], [], [2, 7], [], [], [2, 4], [], []]
Elis [[2, 4, poly1d([-1,  1,  1,  0]), poly1d([1])], [2, 4, poly1d([1, 0, 0]), poly1d([1])], [2, 7, poly1d([1, 0, 0]), poly1d([1])], [2, 7, poly1d([1, 0]), poly1d([1])], [2, 12, poly1d([1, 0]), poly1d([1])], [2, 12, poly1d([1, 0, 0]), poly1d([1])], [2, 19, poly1d([1, 0, 0]), poly1d([1])], [2, 22, poly1d([1, 0, 0, 0, 0]), poly1d([1])], [4, 12, poly1d([1, 0, 0, 0]), poly1d([1])], [4, 13, poly1d([1, 0, 0]), poly1d([1])], [4, 13, poly1d([1, 0, 0, 0]), poly1d([1])], [4, 13, poly1d([1, 0]), poly1d([1])], [4, 22, poly1d([1, 0]), poly1d([1])], [7, 19, poly1d([1, 0, 0]), poly1d([1])]]
s,t 19 22
----------------------------
Graph [[], [], [4, 7, 7, 12, 12, 19, 22], [], [2, 12, 13, 13, 13, 22], [], [], [2, 2, 19], [], [], [], [], [2, 2, 4], [4, 4, 4], [], [], [], [], [], [2, 7], [], [], [2, 4], [], []]
Elis [[2, 4, poly1d([ 1, -1, -2,  2,  1,  0]), poly1d([1])], [2, 7, poly1d([1, 0, 0]), poly1d([1])], [2, 7, poly1d([1, 0]), poly1d([1])], [2, 12, poly1d([1, 0]), poly1d([1])], [2, 12, poly1d([1, 0, 0]), poly1d([1])], [2, 19, poly1d([1, 0, 0]), poly1d([1])], [2, 22, poly1d([1, 0, 0, 0, 0]), poly1d([1])], [4, 12, poly1d([1, 0, 0, 0]), poly1d([1])], [4, 13, poly1d([1, 0, 0]), poly1d([1])], [4, 13, poly1d([1, 0, 0, 0]), poly1d([1])], [4, 13, poly1d([1, 0]), poly1d([1])], [4, 22, poly1d([1, 0]), poly1d([1])], [7, 19, poly1d([1, 0, 0]), poly1d([1])]]
s,t 19 22
----------------------------
Graph [[], [], [4, 7, 12, 12, 19, 22], [], [2, 12, 13, 13, 13, 22], [], [], [2, 19], [], [], [], [], [2, 2, 4], [4, 4, 4], [], [], [], [], [], [2, 7], [], [], [2, 4], [], []]
Elis [[2, 4, poly1d([ 1, -1, -2,  2,  1,  0]), poly1d([1])], [2, 7, poly1d([-1,  1,  1,  0]), poly1d([1])], [2, 12, poly1d([1, 0]), poly1d([1])], [2, 12, poly1d([1, 0, 0]), poly1d([1])], [2, 19, poly1d([1, 0, 0]), poly1d([1])], [2, 22, poly1d([1, 0, 0, 0, 0]), poly1d([1])], [4, 12, poly1d([1, 0, 0, 0]), poly1d([1])], [4, 13, poly1d([1, 0, 0]), poly1d([1])], [4, 13, poly1d([1, 0, 0, 0]), poly1d([1])], [4, 13, poly1d([1, 0]), poly1d([1])], [4, 22, poly1d([1, 0]), poly1d([1])], [7, 19, poly1d([1, 0, 0]), poly1d([1])]]
s,t 19 22
----------------------------
Graph [[], [], [4, 7, 12, 19, 22], [], [2, 12, 13, 13, 13, 22], [], [], [2, 19], [], [], [], [], [2, 4], [4, 4, 4], [], [], [], [], [], [2, 7], [], [], [2, 4], [], []]
Elis [[2, 4, poly1d([ 1, -1, -2,  2,  1,  0]), poly1d([1])], [2, 7, poly1d([-1,  1,  1,  0]), poly1d([1])], [2, 12, poly1d([-1,  1,  1,  0]), poly1d([1])], [2, 19, poly1d([1, 0, 0]), poly1d([1])], [2, 22, poly1d([1, 0, 0, 0, 0]), poly1d([1])], [4, 12, poly1d([1, 0, 0, 0]), poly1d([1])], [4, 13, poly1d([1, 0, 0]), poly1d([1])], [4, 13, poly1d([1, 0, 0, 0]), poly1d([1])], [4, 13, poly1d([1, 0]), poly1d([1])], [4, 22, poly1d([1, 0]), poly1d([1])], [7, 19, poly1d([1, 0, 0]), poly1d([1])]]
s,t 19 22
----------------------------
Graph [[], [], [4, 7, 12, 19, 22], [], [2, 12, 13, 13, 22], [], [], [2, 19], [], [], [], [], [2, 4], [4, 4], [], [], [], [], [], [2, 7], [], [], [2, 4], [], []]
Elis [[2, 4, poly1d([ 1, -1, -2,  2,  1,  0]), poly1d([1])], [2, 7, poly1d([-1,  1,  1,  0]), poly1d([1])], [2, 12, poly1d([-1,  1,  1,  0]), poly1d([1])], [2, 19, poly1d([1, 0, 0]), poly1d([1])], [2, 22, poly1d([1, 0, 0, 0, 0]), poly1d([1])], [4, 12, poly1d([1, 0, 0, 0]), poly1d([1])], [4, 13, poly1d([1, 0]), poly1d([1])], [4, 13, poly1d([-1,  0,  1,  1,  0,  0]), poly1d([1])], [4, 22, poly1d([1, 0]), poly1d([1])], [7, 19, poly1d([1, 0, 0]), poly1d([1])]]
s,t 19 22
----------------------------
Graph [[], [], [4, 7, 12, 19, 22], [], [2, 12, 13, 22], [], [], [2, 19], [], [], [], [], [2, 4], [4], [], [], [], [], [], [2, 7], [], [], [2, 4], [], []]
Elis [[2, 4, poly1d([ 1, -1, -2,  2,  1,  0]), poly1d([1])], [2, 7, poly1d([-1,  1,  1,  0]), poly1d([1])], [2, 12, poly1d([-1,  1,  1,  0]), poly1d([1])], [2, 19, poly1d([1, 0, 0]), poly1d([1])], [2, 22, poly1d([1, 0, 0, 0, 0]), poly1d([1])], [4, 12, poly1d([1, 0, 0, 0]), poly1d([1])], [4, 13, poly1d([ 1, -1, -1,  0,  1,  1,  0]), poly1d([1])], [4, 22, poly1d([1, 0]), poly1d([1])], [7, 19, poly1d([1, 0, 0]), poly1d([1])]]
s,t 19 22
----------------------------
Graph [[], [], [4, 7, 12, 19, 22], [], [2, 12, 22], [], [], [2, 19], [], [], [], [], [2, 4], [], [], [], [], [], [], [2, 7], [], [], [2, 4], [], []]
Elis [[2, 4, poly1d([ 1, -1, -2,  2,  1,  0]), poly1d([1])], [2, 7, poly1d([-1,  1,  1,  0]), poly1d([1])], [2, 12, poly1d([-1,  1,  1,  0]), poly1d([1])], [2, 19, poly1d([1, 0, 0]), poly1d([1])], [2, 22, poly1d([1, 0, 0, 0, 0]), poly1d([1])], [4, 12, poly1d([1, 0, 0, 0]), poly1d([1])], [4, 22, poly1d([1, 0]), poly1d([1])], [7, 19, poly1d([1, 0, 0]), poly1d([1])]]
s,t 19 22
----------------------------
Graph [[], [], [4, 4, 19, 19, 22], [], [2, 2, 22], [], [], [], [], [], [], [], [], [], [], [], [], [], [], [2, 2], [], [], [2, 4], [], []]
Elis [[2, 4, poly1d([-1,  1,  1,  0,  0,  0,  0]), poly1d([1])], [2, 4, poly1d([ 1, -1, -2,  2,  1,  0]), poly1d([1])], [2, 19, poly1d([1, 0, 0]), poly1d([1])], [2, 19, poly1d([-1,  1,  1,  0,  0,  0]), poly1d([1])], [2, 22, poly1d([1, 0, 0, 0, 0]), poly1d([1])], [4, 22, poly1d([1, 0]), poly1d([1])]]
s,t 19 22
----------------------------
Graph [[], [], [4, 19, 19, 22], [], [2, 22], [], [], [], [], [], [], [], [], [], [], [], [], [], [], [2, 2], [], [], [2, 4], [], []]
Elis [[2, 4, poly1d([ 1, -2, -2,  5,  1, -4,  1,  0, -2,  2,  1,  0]), poly1d([1])], [2, 19, poly1d([1, 0, 0]), poly1d([1])], [2, 19, poly1d([-1,  1,  1,  0,  0,  0]), poly1d([1])], [2, 22, poly1d([1, 0, 0, 0, 0]), poly1d([1])], [4, 22, poly1d([1, 0]), poly1d([1])]]
s,t 19 22
----------------------------
Graph [[], [], [4, 19, 22], [], [2, 22], [], [], [], [], [], [], [], [], [], [], [], [], [], [], [2], [], [], [2, 4], [], []]
Elis [[2, 4, poly1d([ 1, -2, -2,  5,  1, -4,  1,  0, -2,  2,  1,  0]), poly1d([1])], [2, 19, poly1d([ 1, -1, -2,  1,  1,  1,  0,  0]), poly1d([1])], [2, 22, poly1d([1, 0, 0, 0, 0]), poly1d([1])], [4, 22, poly1d([1, 0]), poly1d([1])]]
s,t 19 22
----------------------------
Graph [[], [], [19, 22, 22], [], [], [], [], [], [], [], [], [], [], [], [], [], [], [], [], [2], [], [], [2, 2], [], []]
Elis [[2, 19, poly1d([ 1, -1, -2,  1,  1,  1,  0,  0]), poly1d([1])], [2, 22, poly1d([ 1, -2, -2,  5,  1, -4,  1,  0, -2,  2,  1,  0,  0]), poly1d([1])], [2, 22, poly1d([1, 0, 0, 0, 0]), poly1d([1])]]
s,t 19 22
----------------------------
Graph [[], [], [19, 22], [], [], [], [], [], [], [], [], [], [], [], [], [], [], [], [], [2], [], [], [2], [], []]
Elis [[2, 19, poly1d([ 1, -1, -2,  1,  1,  1,  0,  0]), poly1d([1])], [2, 22, poly1d([-1,  2,  2, -5,  0,  2, -3,  5,  3, -6,  0,  0, -1,  2,  1,  0,  0]), poly1d([1])]]
s,t 19 22
----------------------------
Graph [[], [], [], [], [], [], [], [], [], [], [], [], [], [], [], [], [], [], [], [22], [], [], [19], [], []]
Elis [[19, 22, poly1d([ -1,   3,   2, -12,   2,  15,  -6,   1,   1, -20,   4,  17,   1,
         0,  -5,  -6,  -1,   2,   3,   1,   0,   0,   0,   0]), poly1d([1])]]
s,t 19 22
----------------------------
単純縮退のみを行った結果
       8p^2 - 6p^3 - 23p^4 + 84p^5 - 162p^6 - 93p^7 + 1068p^8 - 1339p^9 - 1938p^10 + 7368p^11 - 6712p^12 - 6173p^13 + 25249p^14 - 37009p^15 + 34628p^16 - 23049p^17 + 11271p^18 - 4053p^19 + 1048p^20 - 185p^21 + 20p^22 - 1p^23
      ______________________________________________________________________________________________________________________________________________________________________________________________
       1
 8*p**2 - 6*p**3 - 23*p**4 + 84*p**5 - 162*p**6 - 93*p**7 + 1068*p**8 - 1339*p**9 - 1938*p**10 + 7368*p**11 - 6712*p**12 - 6173*p**13 + 25249*p**14 - 37009*p**15 + 34628*p**16 - 23049*p**17 + 11271*p**18 - 4053*p**19 + 1048*p**20 - 185*p**21 + 20*p**22 - 1*p**23
 1
